name: Data_log
channels:
  - conda-forge
  - defaults
dependencies:
  - bzip2=1.0.8=hcfcfb64_5
  - ca-certificates=2024.2.2=h56e8100_0
  - cffi=1.16.0=py310h8d17308_0
  - cryptography=42.0.7=py310h25a5809_0
  - glib=2.80.2=h0df6a38_0
  - glib-tools=2.80.2=h2f9d560_0
  - greenlet=3.0.3=py310h00ffb61_0
  - gst-plugins-base=1.24.3=hba88be7_0
  - gstreamer=1.24.3=h5006eae_0
  - icu=73.2=h63175ca_0
  - intel-openmp=2024.1.0=h57928b3_966
  - krb5=1.21.2=heb0366b_0
  - libblas=3.9.0=22_win64_mkl
  - libcblas=3.9.0=22_win64_mkl
  - libclang13=18.1.5=default_hf64faad_0
  - libffi=3.4.2=h8ffe710_5
  - libglib=2.80.2=h0df6a38_0
  - libhwloc=2.10.0=default_h8125262_1001
  - libiconv=1.17=hcfcfb64_2
  - libintl=0.22.5=h5728263_2
  - libintl-devel=0.22.5=h5728263_2
  - libjpeg-turbo=3.0.0=hcfcfb64_1
  - liblapack=3.9.0=22_win64_mkl
  - libogg=1.3.4=h8ffe710_1
  - libpng=1.6.43=h19919ed_0
  - libsqlite=3.45.3=hcfcfb64_0
  - libvorbis=1.3.7=h0e60522_0
  - libxml2=2.12.7=h283a6d9_0
  - libzlib=1.2.13=hcfcfb64_5
  - mkl=2024.1.0=h66d3029_692
  - numpy=1.26.4=py310hf667824_0
  - openssl=3.3.0=h2466b09_3
  - packaging=24.0=pyhd8ed1ab_0
  - pandas=2.2.2=py310hb4db72f_1
  - pcre2=10.43=h17e33f8_0
  - pip=24.0=pyhd8ed1ab_0
  - plotly=5.22.0=pyhd8ed1ab_0
  - ply=3.11=pyhd8ed1ab_2
  - pthreads-win32=2.9.1=hfa6e2cd_3
  - pycparser=2.22=pyhd8ed1ab_0
  - pyodbc=5.1.0=py310h00ffb61_0
  - pyqt=5.15.9=py310h1fd54f2_5
  - pyqt5-sip=12.12.2=py310h00ffb61_5
  - pyqtwebengine=5.15.9=py310he49db7d_5
  - python=3.10.14=h4de0772_0_cpython
  - python-dateutil=2.9.0=pyhd8ed1ab_0
  - python-tzdata=2024.1=pyhd8ed1ab_0
  - python_abi=3.10=4_cp310
  - pytz=2024.1=pyhd8ed1ab_0
  - qt-main=5.15.8=hcef0176_21
  - qt-webengine=5.15.9=h5bd16bc_7
  - setuptools=69.5.1=pyhd8ed1ab_0
  - sip=6.7.12=py310h00ffb61_0
  - six=1.16.0=pyh6c4a22f_0
  - sqlalchemy=2.0.30=py310ha8f682b_0
  - tbb=2021.12.0=hc790b64_1
  - tenacity=8.3.0=pyhd8ed1ab_0
  - tk=8.6.13=h5226925_1
  - toml=0.10.2=pyhd8ed1ab_0
  - tomli=2.0.1=pyhd8ed1ab_0
  - typing-extensions=4.11.0=hd8ed1ab_0
  - typing_extensions=4.11.0=pyha770c72_0
  - tzdata=2024a=h0c530f3_0
  - ucrt=10.0.22621.0=h57928b3_0
  - vc=14.3=hcf57466_18
  - vc14_runtime=14.38.33130=h82b7239_18
  - vs2015_runtime=14.38.33130=hcb4865c_18
  - wheel=0.43.0=pyhd8ed1ab_1
  - xz=5.2.6=h8d14728_0
  - zstd=1.5.6=h0ea2cb4_0
  - pip:
      - getmac==0.9.4
      - python-snap7==1.4.1
